# unix_time, cycles_done, cur_path, paths_total, pending_total, pending_favs, map_size, unique_crashes, unique_hangs, max_depth, execs_per_sec
1553341570, 0, 0, 4, 4, 4, 8.78%, 0, 0, 1, 24.65
1553341662, 0, 0, 8, 8, 4, 8.80%, 0, 0, 2, 20.00
1553341688, 0, 0, 15, 15, 4, 8.85%, 0, 0, 2, 18.71
1553341693, 0, 0, 26, 26, 4, 8.87%, 0, 0, 2, 18.93
1553341698, 0, 0, 36, 36, 4, 8.89%, 0, 0, 2, 18.79
1553341703, 0, 0, 47, 47, 4, 8.90%, 0, 0, 2, 18.76
1553341708, 0, 0, 58, 58, 4, 8.91%, 0, 0, 2, 19.00
1553341713, 0, 0, 68, 68, 4, 8.91%, 0, 0, 2, 18.18
1553341718, 0, 0, 78, 78, 4, 8.91%, 0, 0, 2, 18.17
1553341723, 0, 0, 89, 89, 4, 8.91%, 0, 0, 2, 19.00
1553341728, 0, 0, 100, 100, 4, 8.91%, 0, 0, 2, 18.38
1553341733, 0, 0, 110, 110, 4, 8.91%, 0, 0, 2, 18.49
1553341738, 0, 0, 120, 120, 4, 8.91%, 0, 0, 2, 18.64
1553341744, 0, 0, 131, 131, 4, 8.91%, 0, 0, 2, 18.91
1553341749, 0, 0, 141, 141, 4, 8.91%, 0, 0, 2, 18.37
1553341754, 0, 0, 151, 151, 4, 8.91%, 0, 0, 2, 17.96
1553341759, 0, 0, 162, 162, 4, 8.91%, 0, 0, 2, 18.42
1553341764, 0, 0, 172, 172, 4, 8.91%, 0, 0, 2, 19.07
1553341769, 0, 0, 183, 183, 4, 8.92%, 0, 0, 2, 18.66
1553341774, 0, 0, 193, 193, 4, 8.92%, 0, 0, 2, 18.22
1553341780, 0, 0, 203, 203, 4, 8.92%, 0, 0, 2, 18.58
1553341785, 0, 0, 214, 214, 4, 8.92%, 0, 0, 2, 19.09
1553341790, 0, 0, 224, 224, 4, 8.92%, 0, 0, 2, 19.18
1553341795, 0, 0, 234, 234, 4, 8.92%, 0, 0, 2, 18.57
1553341800, 0, 0, 244, 244, 4, 8.92%, 0, 0, 2, 18.40
1553341805, 0, 0, 254, 254, 4, 8.92%, 0, 0, 2, 18.83
1553341810, 0, 0, 263, 263, 4, 8.92%, 0, 0, 2, 19.12
1553341815, 0, 0, 273, 273, 4, 8.92%, 0, 0, 2, 18.81
1553341820, 0, 0, 284, 284, 4, 8.92%, 0, 0, 2, 18.77
1553341825, 0, 0, 293, 293, 4, 8.92%, 0, 0, 2, 18.94
1553341831, 0, 0, 303, 303, 4, 8.92%, 0, 0, 2, 18.92
1553341836, 0, 0, 312, 312, 4, 8.92%, 0, 0, 2, 18.71
1553341841, 0, 0, 321, 321, 4, 8.92%, 0, 0, 2, 18.60
1553341846, 0, 0, 331, 331, 4, 8.92%, 0, 0, 2, 18.87
1553341851, 0, 0, 338, 338, 4, 8.92%, 0, 0, 2, 18.84
1553341856, 0, 0, 347, 347, 4, 8.93%, 0, 0, 2, 19.03
1553341861, 0, 0, 356, 356, 4, 8.93%, 0, 0, 2, 17.78
1553341866, 0, 0, 366, 366, 4, 8.93%, 0, 0, 2, 18.73
1553341871, 0, 0, 376, 376, 4, 8.93%, 0, 0, 2, 18.95
1553341876, 0, 0, 385, 385, 4, 8.93%, 0, 0, 2, 18.90
1553341882, 0, 0, 395, 395, 4, 8.93%, 0, 0, 2, 18.97
1553341887, 0, 0, 404, 404, 4, 8.93%, 0, 0, 2, 18.88
1553341892, 0, 0, 412, 412, 4, 8.93%, 0, 0, 2, 19.08
1553341897, 0, 0, 421, 421, 4, 8.93%, 0, 0, 2, 18.98
1553341902, 0, 0, 428, 428, 4, 8.93%, 0, 0, 2, 18.88
1553341907, 0, 0, 435, 435, 4, 8.93%, 0, 0, 2, 19.16
1553341912, 0, 0, 443, 443, 4, 8.93%, 0, 0, 2, 19.10
1553341917, 0, 0, 450, 450, 4, 8.93%, 0, 0, 2, 19.44
1553341922, 0, 0, 455, 455, 4, 8.93%, 0, 0, 2, 19.44
1553341927, 0, 0, 460, 460, 4, 8.93%, 0, 0, 2, 19.53
1553341932, 0, 0, 465, 465, 4, 8.93%, 0, 0, 2, 19.69
1553341937, 0, 0, 474, 474, 4, 8.94%, 0, 3, 2, 17.31
1553341942, 0, 0, 483, 483, 4, 9.01%, 0, 5, 2, 16.68
1553341948, 0, 0, 493, 493, 4, 9.06%, 0, 5, 2, 15.43
1553341953, 0, 0, 502, 502, 4, 9.06%, 0, 5, 2, 19.59
1553341958, 0, 0, 512, 512, 4, 9.06%, 0, 5, 2, 21.08
1553341963, 0, 0, 521, 521, 4, 9.06%, 0, 5, 2, 21.04
1553341968, 0, 0, 529, 529, 4, 9.06%, 0, 5, 2, 15.49
1553341973, 0, 0, 537, 537, 4, 9.07%, 0, 5, 2, 16.49
1553341978, 0, 0, 546, 546, 4, 9.07%, 0, 5, 2, 16.65
1553341984, 0, 0, 554, 554, 4, 9.07%, 0, 5, 2, 16.62
1553341989, 0, 0, 561, 561, 4, 9.07%, 0, 5, 2, 15.75
1553341994, 0, 0, 570, 570, 4, 9.08%, 0, 5, 2, 16.75
1553341999, 0, 0, 577, 577, 4, 9.08%, 0, 5, 2, 17.31
1553342004, 0, 0, 584, 584, 4, 9.08%, 0, 5, 2, 17.82
1553342009, 0, 0, 590, 590, 4, 9.08%, 0, 5, 2, 19.11
1553342015, 0, 0, 597, 597, 4, 9.08%, 0, 5, 2, 20.04
1553342020, 0, 0, 603, 603, 4, 9.09%, 0, 5, 2, 20.43
1553342025, 0, 0, 605, 605, 4, 9.09%, 0, 5, 2, 20.35
1553342030, 0, 0, 609, 609, 4, 9.09%, 0, 5, 2, 29.23
1553342035, 0, 0, 615, 615, 4, 9.09%, 0, 5, 2, 14.52
1553342040, 0, 0, 619, 619, 4, 9.09%, 0, 5, 2, 17.03
1553342045, 0, 0, 623, 623, 4, 9.09%, 0, 5, 2, 18.38
1553342050, 0, 0, 626, 626, 4, 9.09%, 0, 5, 2, 19.76
1553342055, 0, 0, 628, 628, 4, 9.09%, 0, 5, 2, 24.44
1553342081, 0, 0, 629, 629, 4, 9.09%, 0, 5, 2, 21.69
1553342101, 0, 0, 630, 630, 4, 9.09%, 0, 5, 2, 20.04
1553342117, 0, 0, 632, 632, 4, 9.10%, 0, 5, 2, 22.40
1553342122, 0, 0, 633, 633, 4, 9.10%, 0, 5, 2, 20.52
1553342127, 0, 0, 634, 634, 4, 9.10%, 0, 5, 2, 20.10
1553342142, 0, 0, 635, 635, 4, 9.10%, 0, 5, 2, 20.44
1553342148, 0, 0, 636, 636, 4, 9.10%, 0, 5, 2, 20.61
1553342153, 0, 0, 637, 637, 4, 9.10%, 0, 5, 2, 20.86
1553342163, 0, 0, 639, 639, 4, 9.10%, 0, 5, 2, 20.92
1553342168, 0, 0, 641, 641, 4, 9.10%, 0, 5, 2, 21.78
1553342183, 0, 0, 642, 642, 4, 9.10%, 0, 5, 2, 20.48
1553342224, 0, 0, 643, 643, 4, 9.10%, 0, 5, 2, 20.31
1553342255, 0, 0, 644, 644, 4, 9.10%, 0, 5, 2, 20.10
1553342306, 0, 0, 645, 645, 4, 9.10%, 0, 5, 2, 22.32
1553342316, 0, 0, 646, 646, 4, 9.10%, 0, 5, 2, 21.31
1553342362, 0, 0, 647, 647, 4, 9.10%, 0, 5, 2, 20.15
1553342367, 0, 0, 648, 648, 4, 9.10%, 0, 5, 2, 22.25
1553342439, 0, 0, 649, 649, 4, 9.10%, 0, 5, 2, 22.51
1553342449, 0, 0, 650, 650, 4, 9.10%, 0, 5, 2, 20.95
1553342464, 0, 0, 651, 651, 4, 9.10%, 0, 5, 2, 20.23
1553342521, 0, 0, 652, 652, 4, 9.10%, 0, 5, 2, 22.11
1553342895, 0, 0, 653, 653, 4, 9.10%, 0, 5, 2, 20.54
1553343008, 0, 0, 654, 654, 4, 9.10%, 0, 5, 2, 20.70
1553343278, 0, 0, 655, 655, 4, 9.10%, 0, 5, 2, 20.16
1553343785, 0, 0, 656, 656, 4, 9.10%, 0, 5, 2, 20.76
1553344552, 0, 0, 657, 657, 4, 9.10%, 0, 5, 2, 21.25
1553344822, 0, 0, 658, 658, 4, 9.10%, 0, 5, 2, 21.09
1553344981, 0, 0, 659, 659, 4, 9.10%, 0, 5, 2, 21.21
1553345399, 0, 0, 660, 660, 4, 9.10%, 0, 5, 2, 22.95
1553345711, 0, 0, 661, 661, 4, 9.10%, 0, 5, 2, 20.31
1553345717, 0, 0, 662, 662, 4, 9.10%, 0, 5, 2, 20.14
1553346146, 0, 0, 663, 663, 4, 9.10%, 0, 5, 2, 22.13
1553347263, 0, 0, 664, 664, 4, 9.10%, 0, 5, 2, 20.26
1553360281, 0, 0, 665, 665, 4, 9.11%, 0, 5, 2, 20.05
1553361304, 0, 0, 666, 666, 4, 9.11%, 0, 5, 2, 20.22
1553363181, 0, 0, 667, 667, 4, 9.11%, 0, 5, 2, 20.23
1553364119, 0, 0, 667, 667, 4, 9.11%, 0, 6, 2, 13.52
1553364405, 0, 0, 667, 667, 4, 9.11%, 0, 7, 2, 13.36
1553364420, 0, 0, 667, 667, 4, 9.11%, 0, 8, 2, 12.62
1553364595, 0, 0, 667, 667, 4, 9.11%, 0, 9, 2, 12.66
1553365142, 0, 0, 667, 667, 4, 9.11%, 0, 10, 2, 12.74
1553365163, 0, 0, 668, 668, 4, 9.11%, 0, 10, 2, 12.83
1553365378, 0, 0, 668, 668, 4, 9.11%, 0, 11, 2, 13.07
1553365455, 0, 0, 668, 668, 4, 9.11%, 0, 12, 2, 12.83
1553365506, 0, 0, 668, 668, 4, 9.11%, 0, 13, 2, 14.05
1553365603, 0, 0, 668, 668, 4, 9.11%, 0, 14, 2, 13.68
1553365777, 0, 0, 670, 670, 4, 9.11%, 0, 15, 2, 20.05
1553365803, 0, 0, 670, 670, 4, 9.11%, 0, 17, 2, 9.71
1553365813, 0, 0, 671, 671, 4, 9.11%, 0, 17, 2, 17.64
1553365818, 0, 0, 672, 672, 4, 9.11%, 0, 17, 2, 17.99
1553365854, 0, 0, 673, 673, 4, 9.11%, 0, 17, 2, 19.03
1553365870, 0, 0, 679, 679, 4, 9.12%, 0, 19, 2, 50.27
1553365875, 0, 0, 688, 688, 4, 9.18%, 0, 20, 2, 52.61
1553365880, 0, 0, 690, 690, 4, 9.18%, 0, 20, 2, 11.26
1553365885, 0, 0, 696, 696, 4, 9.18%, 0, 20, 2, 14.84
1553365890, 0, 0, 700, 700, 4, 9.18%, 0, 20, 2, 15.93
1553365905, 0, 0, 701, 701, 4, 9.18%, 0, 20, 2, 13.24
1553365910, 0, 0, 701, 701, 4, 9.18%, 0, 21, 2, 12.88
1553365916, 0, 0, 702, 702, 4, 9.18%, 0, 21, 2, 12.87
1553365921, 0, 0, 703, 703, 4, 9.18%, 0, 22, 2, 151.22
1553365926, 0, 0, 704, 704, 4, 9.18%, 0, 22, 2, 10.63
1553365946, 0, 0, 705, 705, 4, 9.18%, 0, 22, 2, 12.88
1553366018, 0, 0, 705, 705, 4, 9.18%, 0, 23, 2, 12.54
1553366352, 0, 0, 706, 706, 4, 9.18%, 0, 23, 2, 13.17
1553366506, 0, 0, 706, 706, 4, 9.18%, 0, 24, 2, 13.29
1553366577, 0, 0, 706, 706, 4, 9.18%, 0, 25, 2, 14.02
1553366685, 0, 0, 706, 706, 4, 9.18%, 0, 26, 2, 12.77
1553366935, 0, 0, 706, 706, 4, 9.18%, 0, 27, 2, 13.08
1553367073, 0, 0, 707, 707, 4, 9.18%, 0, 27, 2, 20.38
1553367161, 0, 0, 707, 707, 4, 9.18%, 0, 28, 2, 13.17
1553367569, 0, 0, 707, 707, 4, 9.18%, 0, 29, 2, 13.11
1553367605, 0, 0, 707, 707, 4, 9.18%, 0, 30, 2, 12.75
1553368380, 0, 0, 707, 707, 4, 9.18%, 0, 31, 2, 12.93
1553368753, 0, 0, 707, 707, 4, 9.18%, 0, 32, 2, 12.96
1553368804, 0, 0, 707, 707, 4, 9.18%, 0, 33, 2, 14.24
1553368963, 0, 0, 707, 707, 4, 9.18%, 0, 34, 2, 13.17
1553369229, 0, 0, 707, 707, 4, 9.18%, 0, 35, 2, 13.24
1553369494, 0, 0, 708, 708, 4, 9.18%, 0, 35, 2, 20.47
1553369504, 0, 0, 708, 708, 4, 9.18%, 0, 36, 2, 13.72
1553369607, 0, 0, 709, 709, 4, 9.18%, 0, 36, 2, 13.53
1553369822, 0, 0, 709, 709, 4, 9.18%, 0, 38, 2, 13.16
1553369828, 0, 0, 709, 709, 4, 9.18%, 0, 39, 2, 14.53
1553371010, 0, 0, 709, 709, 4, 9.18%, 0, 40, 2, 13.35
1553371204, 0, 0, 709, 709, 4, 9.18%, 0, 41, 2, 12.79
1553371378, 0, 0, 709, 709, 4, 9.18%, 0, 42, 2, 13.03
1553371429, 0, 0, 709, 709, 4, 9.18%, 0, 43, 2, 12.75
1553371623, 0, 0, 709, 709, 4, 9.18%, 0, 44, 2, 12.94
1553371643, 0, 0, 709, 709, 4, 9.18%, 0, 45, 2, 12.99
1553371719, 0, 0, 709, 709, 4, 9.18%, 0, 46, 2, 12.86
1553371770, 0, 0, 709, 709, 4, 9.18%, 0, 47, 2, 12.78
1553371904, 0, 0, 709, 709, 4, 9.18%, 0, 48, 2, 14.95
1553372342, 0, 0, 709, 709, 4, 9.18%, 0, 49, 2, 12.90
1553373414, 0, 0, 709, 709, 4, 9.18%, 0, 50, 2, 12.92
1553374195, 0, 0, 709, 709, 4, 9.18%, 0, 51, 2, 14.55
1553374312, 0, 0, 709, 709, 4, 9.18%, 0, 52, 2, 13.14
1553374710, 0, 0, 709, 709, 4, 9.18%, 0, 53, 2, 13.41
1553374730, 0, 0, 709, 709, 4, 9.18%, 0, 54, 2, 12.97
1553374740, 0, 0, 709, 709, 4, 9.18%, 0, 55, 2, 12.95
1553374934, 0, 0, 709, 709, 4, 9.18%, 0, 56, 2, 13.00
1553375506, 0, 0, 709, 709, 4, 9.18%, 0, 57, 2, 14.55
1553375617, 0, 0, 709, 709, 4, 9.18%, 0, 58, 2, 12.91
1553376117, 0, 0, 709, 709, 4, 9.18%, 0, 59, 2, 13.00
1553376603, 0, 0, 709, 709, 4, 9.18%, 0, 60, 2, 12.58
1553376878, 0, 0, 709, 709, 4, 9.18%, 0, 61, 2, 13.12
1553377010, 0, 0, 709, 709, 4, 9.18%, 0, 62, 2, 13.15
1553378405, 0, 0, 709, 709, 4, 9.18%, 0, 63, 2, 12.75
1553378954, 0, 0, 709, 709, 4, 9.18%, 0, 64, 2, 13.40
1553379761, 0, 0, 709, 709, 4, 9.18%, 0, 65, 2, 12.90
1553380506, 0, 0, 709, 709, 4, 9.18%, 0, 66, 2, 13.06
1553381589, 0, 0, 709, 709, 4, 9.18%, 0, 67, 2, 12.75
1553381686, 0, 0, 709, 709, 4, 9.18%, 0, 68, 2, 12.84
1553382003, 0, 0, 709, 709, 4, 9.18%, 0, 69, 2, 12.71
1553382131, 0, 0, 709, 709, 4, 9.18%, 0, 70, 2, 12.74
1553382187, 0, 0, 709, 709, 4, 9.18%, 0, 71, 2, 12.85
1553383804, 0, 0, 709, 709, 4, 9.18%, 0, 72, 2, 12.83
1553384367, 0, 0, 709, 709, 4, 9.18%, 0, 73, 2, 12.97
1553384587, 0, 0, 709, 709, 4, 9.18%, 0, 74, 2, 12.75
1553386142, 0, 0, 709, 709, 4, 9.18%, 0, 75, 2, 12.69
1553386750, 0, 0, 709, 709, 4, 9.18%, 0, 76, 2, 12.92
1553387221, 0, 0, 709, 709, 4, 9.18%, 0, 77, 2, 12.39
1553389003, 0, 0, 709, 709, 4, 9.18%, 0, 78, 2, 13.75
1553389065, 0, 0, 709, 709, 4, 9.18%, 0, 79, 2, 12.83
1553389352, 0, 0, 709, 709, 4, 9.18%, 0, 80, 2, 12.80
1553390645, 0, 0, 709, 709, 4, 9.18%, 0, 81, 2, 12.55
1553392624, 0, 0, 709, 709, 4, 9.18%, 0, 82, 2, 12.87
1553392972, 0, 0, 709, 709, 4, 9.18%, 0, 83, 2, 12.92
1553393847, 0, 0, 709, 709, 4, 9.18%, 0, 84, 2, 12.77
1553395970, 0, 0, 710, 710, 4, 9.18%, 0, 84, 2, 13.06
1553396522, 0, 0, 710, 710, 4, 9.18%, 0, 85, 2, 12.94
1553396854, 0, 0, 711, 711, 4, 9.18%, 0, 85, 2, 11.07
1553396864, 0, 0, 711, 711, 4, 9.18%, 0, 86, 2, 11.20
1553396895, 0, 0, 711, 711, 4, 9.18%, 0, 87, 2, 11.59
1553396930, 0, 0, 712, 712, 4, 9.18%, 0, 87, 2, 12.45
1553396936, 0, 0, 717, 717, 4, 9.21%, 0, 91, 2, 35.95
1553396941, 0, 0, 722, 722, 4, 9.21%, 0, 91, 2, 76.12
1553396946, 0, 0, 725, 725, 4, 9.21%, 0, 93, 2, 8.14
1553396956, 0, 0, 727, 727, 4, 9.21%, 0, 93, 2, 10.20
1553396962, 0, 0, 728, 728, 4, 9.21%, 0, 93, 2, 10.60
1553396972, 0, 0, 729, 729, 4, 9.21%, 0, 93, 2, 12.53
1553396987, 0, 0, 730, 730, 4, 9.21%, 0, 93, 2, 8.58
1553396998, 0, 0, 731, 731, 4, 9.21%, 0, 93, 2, 10.92
1553398065, 0, 0, 731, 731, 4, 9.21%, 0, 94, 2, 13.42
1553398070, 0, 0, 731, 731, 4, 9.21%, 0, 95, 2, 13.19
1553398642, 0, 0, 731, 731, 4, 9.21%, 0, 96, 2, 13.26
1553399093, 0, 0, 731, 731, 4, 9.21%, 0, 97, 2, 14.57
1553400002, 0, 0, 731, 731, 4, 9.21%, 0, 98, 2, 12.71
1553400753, 0, 0, 731, 731, 4, 9.21%, 0, 102, 2, 10.91
1553402005, 0, 0, 731, 731, 4, 9.21%, 0, 103, 2, 13.36
1553402858, 0, 0, 731, 731, 4, 9.21%, 0, 104, 2, 12.93
1553402863, 0, 0, 731, 731, 4, 9.21%, 0, 105, 2, 12.81
1553402955, 0, 0, 731, 731, 4, 9.21%, 0, 106, 2, 13.14
1553403231, 0, 0, 731, 731, 4, 9.21%, 0, 107, 2, 13.37
1553403251, 0, 0, 731, 731, 4, 9.21%, 0, 108, 2, 13.16
1553404481, 0, 0, 731, 731, 4, 9.21%, 0, 109, 2, 13.10
1553404787, 0, 0, 731, 731, 4, 9.21%, 0, 110, 2, 13.34
1553404915, 0, 0, 731, 731, 4, 9.21%, 0, 111, 2, 13.45
1553405379, 0, 0, 731, 731, 4, 9.21%, 0, 112, 2, 13.40
1553405405, 0, 0, 731, 731, 4, 9.21%, 0, 113, 2, 13.07
1553406840, 0, 0, 732, 732, 4, 9.21%, 0, 113, 2, 12.93
1553408706, 0, 0, 732, 732, 4, 9.21%, 0, 114, 2, 9.86
1553409003, 0, 0, 732, 732, 4, 9.21%, 0, 115, 2, 12.51
1553410165, 0, 0, 732, 732, 4, 9.21%, 0, 117, 2, 11.58
1553410619, 0, 0, 732, 732, 4, 9.21%, 0, 118, 2, 13.04
1553410706, 0, 0, 732, 732, 4, 9.21%, 0, 119, 2, 13.18
1553411700, 0, 0, 732, 732, 4, 9.21%, 0, 120, 2, 13.25
1553411899, 0, 0, 732, 732, 4, 9.21%, 0, 121, 2, 13.09
1553412852, 0, 0, 732, 732, 4, 9.21%, 0, 122, 2, 12.87
1553414344, 0, 0, 732, 732, 4, 9.21%, 0, 123, 2, 12.88
1553414405, 0, 0, 732, 732, 4, 9.21%, 0, 124, 2, 12.96
1553415704, 0, 0, 732, 732, 4, 9.21%, 0, 125, 2, 14.52
1553415821, 0, 0, 732, 732, 4, 9.21%, 0, 126, 2, 12.86
1553417402, 0, 0, 732, 732, 4, 9.21%, 0, 127, 2, 12.65
1553418467, 0, 0, 732, 732, 4, 9.21%, 0, 128, 2, 13.20
1553419313, 0, 0, 732, 732, 4, 9.21%, 0, 129, 2, 13.48
1553420646, 0, 0, 732, 732, 4, 9.21%, 0, 130, 2, 13.17
1553420915, 0, 0, 732, 732, 4, 9.21%, 0, 131, 2, 13.57
1553421251, 0, 0, 732, 732, 4, 9.21%, 0, 132, 2, 12.99
1553423219, 0, 0, 732, 732, 4, 9.21%, 0, 133, 2, 12.86
1553424178, 0, 0, 732, 732, 4, 9.21%, 0, 134, 2, 13.12
1553424417, 0, 0, 732, 732, 4, 9.21%, 0, 135, 2, 13.29
1553425368, 0, 0, 732, 732, 4, 9.21%, 0, 136, 2, 12.98
1553426315, 0, 0, 732, 732, 4, 9.21%, 0, 137, 2, 12.97
1553426967, 0, 0, 733, 733, 4, 9.21%, 0, 137, 2, 12.91
1553427670, 0, 0, 735, 735, 4, 9.21%, 0, 137, 2, 250.00
1553427675, 0, 0, 738, 738, 4, 9.21%, 0, 137, 2, 21.70
1553427680, 0, 0, 739, 739, 4, 9.21%, 0, 137, 2, 19.60
1553428768, 0, 0, 739, 739, 4, 9.21%, 0, 138, 2, 13.15
1553429094, 0, 0, 739, 739, 4, 9.21%, 0, 139, 2, 13.13
1553429110, 0, 0, 739, 739, 4, 9.21%, 0, 140, 2, 15.22
1553430832, 0, 0, 739, 739, 4, 9.21%, 0, 141, 2, 13.08
1553431077, 0, 0, 739, 739, 4, 9.21%, 0, 142, 2, 12.94
1553431530, 0, 0, 740, 740, 4, 9.21%, 0, 142, 2, 19.43
1553431536, 0, 0, 742, 742, 4, 9.21%, 0, 142, 2, 9.31
1553431541, 0, 0, 745, 745, 4, 9.21%, 0, 142, 2, 11.41
1553431546, 0, 0, 746, 746, 4, 9.21%, 0, 142, 2, 48.63
1553432236, 0, 0, 746, 746, 4, 9.21%, 0, 143, 2, 13.01
1553432359, 0, 0, 746, 746, 4, 9.21%, 0, 144, 2, 13.12
1553432810, 0, 0, 746, 746, 4, 9.21%, 0, 145, 2, 13.32
1553433107, 0, 0, 747, 747, 4, 9.21%, 0, 145, 2, 14.16
1553435346, 0, 0, 748, 748, 4, 9.21%, 0, 145, 2, 11.30
1553435356, 0, 0, 748, 748, 4, 9.21%, 0, 147, 2, 7.88
1553435361, 0, 0, 749, 749, 4, 9.21%, 0, 149, 2, 7.70
1553435986, 0, 0, 749, 749, 4, 9.21%, 0, 150, 2, 14.37
1553437319, 0, 0, 749, 749, 4, 9.21%, 0, 151, 2, 13.63
1553438816, 0, 0, 749, 749, 4, 9.21%, 0, 152, 2, 13.16
1553438968, 0, 0, 749, 749, 4, 9.21%, 0, 153, 2, 13.36
1553439106, 0, 0, 749, 749, 4, 9.21%, 0, 154, 2, 14.08
1553439324, 0, 0, 750, 750, 4, 9.21%, 0, 154, 2, 18.25
1553439329, 0, 0, 751, 751, 4, 9.21%, 0, 154, 2, 18.37
1553439380, 0, 0, 752, 752, 4, 9.21%, 0, 154, 2, 16.91
1553439405, 0, 0, 753, 753, 4, 9.21%, 0, 154, 2, 11.81
1553439431, 0, 0, 753, 753, 4, 9.21%, 0, 155, 2, 11.35
1553439595, 0, 0, 754, 754, 4, 9.21%, 0, 155, 2, 12.20
1553439605, 0, 0, 754, 754, 4, 9.21%, 0, 156, 2, 11.80
1553439733, 0, 0, 755, 755, 4, 9.21%, 0, 156, 2, 12.19
1553439784, 0, 0, 756, 756, 4, 9.21%, 0, 156, 2, 12.19
1553439845, 0, 0, 756, 756, 4, 9.21%, 0, 161, 2, 18.56
1553439850, 0, 0, 762, 762, 4, 9.24%, 0, 163, 2, 14.33
1553439855, 0, 0, 762, 762, 4, 9.24%, 0, 168, 2, 14.29
1553439860, 0, 0, 767, 767, 4, 9.27%, 0, 170, 2, 13.78
1553439866, 0, 0, 774, 774, 4, 9.28%, 0, 170, 2, 13.20
1553439871, 0, 0, 778, 778, 4, 9.29%, 0, 170, 2, 13.03
1553439876, 0, 0, 779, 779, 4, 9.29%, 0, 170, 2, 10.13
1553439891, 0, 0, 780, 780, 4, 9.29%, 0, 170, 2, 9.68
1553439901, 0, 0, 781, 781, 4, 9.29%, 0, 171, 2, 8.31
1553439906, 0, 0, 783, 783, 4, 9.29%, 0, 172, 2, 8.48
1553439911, 0, 0, 784, 784, 4, 9.29%, 0, 172, 2, 11.49
1553439917, 0, 0, 786, 786, 4, 9.29%, 0, 172, 2, 13.88
1553439922, 0, 0, 788, 788, 4, 9.29%, 0, 172, 2, 15.04
1553439927, 0, 0, 790, 790, 4, 9.29%, 0, 172, 2, 14.98
1553439937, 0, 0, 791, 791, 4, 9.29%, 0, 172, 2, 15.39
1553439952, 0, 0, 792, 792, 4, 9.29%, 0, 172, 2, 16.28
1553439983, 0, 0, 793, 793, 4, 9.29%, 0, 172, 2, 17.68
1553440152, 0, 0, 794, 794, 4, 9.29%, 0, 172, 2, 10.07
1553440157, 0, 0, 795, 795, 4, 9.29%, 0, 172, 2, 9.85
1553440178, 0, 0, 796, 796, 4, 9.29%, 0, 172, 2, 10.94
1553444229, 0, 0, 796, 796, 4, 9.29%, 0, 173, 2, 13.18
